R <-
structure(c(0.10000000000000001, 0.070000000000000007, 0, 0, 
0.94999999999999996, 0.96999999999999997, 0.93000000000000005, 
0.93999999999999995, 0.91000000000000003, 0.94999999999999996, 
0.95999999999999996, 0.96999999999999997, 0.95999999999999996, 
0.94999999999999996, 0.93999999999999995, 0.93999999999999995, 
0.97999999999999998, 0.93999999999999995, 0.94999999999999996, 
0.95999999999999996, 0.98999999999999999, 0.96999999999999997, 
0.98999999999999999, 0.93999999999999995, 0.27396784893613396, 
0.19523288432163541, 0.16010112602447635, 0.15875652270481314, 
0.28968211850149955, 0.32289439813964188, 0.41381580032983373, 
0.40587627801477566, 0.28577581602076557, 0.33261365176886898, 
0.41446580591970122, 0.38030731228710468, 0.29428720477598735, 
0.325763690655612, 0.41449959275314707, 0.37495382934451116, 
0.28959240282739518, 0.3213286757588375, 0.41753040568090388, 
0.43095292057466644, 0.29222758675472854, 0.32290667949253221, 
0.4187553976769588, 0.40056983852046535), .Dim = c(4L, 12L), .Dimnames = list(
    c("0", "0.3", "0.6", "0.9"), NULL))
